2023-1:
Minlat: 43.001275504
Minlong: -76.129295959
Maxlat: 43.1139420000001
Maxlong: -76.111874999

2023-2:
Minlat: 42.9851158380001
MinLong: -76.198941034
MaxLat: 43.1139420000001
MaxLong: -76.075872943

2024-1:
Minlat: 42.9854399870001
MinLong: -76.199029614
Maxlat: 43.0838724320001
MaxLong: -76.075872943

2024-2:
Minlat: 42.9851158380001
MinLong: -76.2026881469999
Maxlat: 43.1139420000001
MaxLong: -76.075872943

Domain / Longitude
[−76.2026881469999,−76.075872943]

Range / Latitude
[42.9851158380001,43.1139420000001]